0.00000000000000000 9.125990411304566
0.02523340903356086 9.025990411304566
0.06560686348726108 7.467575069391874
0.3583144082765557 6.169063840524853
0.37177222642777963 5.64959205988729
0.6762553620994112 3.896543022962401
0.9689629068887342 2.598031794095382
1.2330725881066513 2.4033980990831836
1.498864496593498 2.1438304314912955
1.761291950542514 2.014130709058792
2.284464631171673 1.8196652367734867
3.0683825384809467 1.5604340146353781
3.850618218521319 1.3661367650769591
4.632853898561692 1.171839515518542
5.413407351333149 1.0424762385398267
6.193960804104648 0.913112961561108
6.974514256876105 0.7837496845823857
8.014130709058776 0.6545546303305549
9.832618386744045 0.46093027167970035
12.687358062074182 0.26797880393641194
15.28135251072419 0.13979308604592333
17.35553873328287 0.07620489528135366
19.17066195643031 0.012448481789888888
21.503911178400216 -0.0509714862477928
27.723105391538397 -0.1118681133821191
30.054672386239375 -0.11035410884010588
31.869795609386827 -0.1741105223315671
33.168475060980725 -0.3031373538565063
33.68828328707208 -0.36773488098241813
35.249390192615024 -0.6264614349398627
36.55143409874675 -0.8853562116241918
37.3336697787871 -1.0796534611826054
38.37665068550761 -1.3387164605938295
39.4196315922281 -1.5977794600050501
40.98242072503997 -1.9214399865421825
42.543527630582886 -2.18016654049962
43.843889309445686 -2.3741273446042577
46.44293043990244 -2.697114980233831
48.261418117587695 -2.890739338884682
50.07990579527292 -3.0843636975355366
51.63764824627809 -3.2132223063335914
53.1953906972832 -3.342080915131639
54.75313314828831 -3.470939523929683
56.569938598704695 -3.599629910000843
58.645807048532234 -3.728152073345111
60.462612498948616 -3.8568424594162707
63.31566994700985 -3.984859954579864
64.87173017074606 -4.048784590798217
67.7247876188073 -4.176802085961818
70.31709984018839 -4.240053831272608
72.6503490621583 -4.303473799310289
75.5017242829506 -4.3665573218941915
77.57591050550933 -4.430145512658765
78.87122550256542 -4.429304399024311
81.46353772394654 -4.492556144335104
84.31491294473885 -4.555639666919003
87.68441416435361 -4.618386744049122
90.01934561359239 -4.746740684666499
91.83615106400877 -4.875431070737655
93.39389351501389 -5.0042896795357095
94.95163596601903 -5.133148288333757
96.77180587097318 -5.391706619564303
97.55404155101355 -5.586003869122717
98.07889645891161 -5.84540331398772
98.61048027588528 -6.364538649171507
98.87795441164103 -6.68904028934309
99.14879300193458 -7.14340987467407
99.4179493649592 -7.532845487425355
99.69047018252165 -8.052149045336026
99.96635545462193 -8.701320548406088
100.0000000000000 -9.48035999663555