0.00000000000000000 8.893905191873591
0.02000000000000000 8.747178329571106
0.04000000000000000 8.589164785553049
0.06906077348066475 8.442437923250566
0.06906077348066297 8.284424379232506
0.13812154696132595 8.126410835214449
0.2071823204419907 7.979683972911966
0.34530386740331487 7.821670428893906
0.4143646408839796 7.663656884875847
0.6215469613259685 7.516930022573364
0.8287292817679557 7.358916478555306
1.1049723756906076 7.200902934537247
1.2430939226519335 7.06546275395034
1.5193370165745854 6.907449209932281
1.7955801104972373 6.772009029345373
2.209944751381215 6.613995485327314
2.486187845303867 6.478555304740407
2.900552486187845 6.3431151241535
3.176795580110497 6.185101580135441
3.5911602209944746 6.049661399548533
4.0055248618784525 5.914221218961626
4.41988950276243 5.778781038374719
4.972375690607738 5.643340857787812
5.524861878453038 5.530474040632055
6.215469613259671 5.417607223476299
6.906077348066301 5.304740406320542
7.596685082872931 5.1918735891647865
8.287292817679557 5.101580135440181
9.116022099447516 5.033860045146728
9.944751381215468 4.9435665914221225
11.740331491712709 4.808126410835215
13.39779005524862 4.672686230248308
15.193370165745854 4.582392776523703
16.850828729281766 4.492099322799098
18.78453038674033 4.401805869074493
20.718232044198892 4.33408577878104
22.651933701657455 4.266365688487586
25.41436464088398 4.176072234762981
28.03867403314917 4.085778781038376
30.38674033149171 4.0180586907449225
33.28729281767956 3.9503386004514685
36.46408839779006 3.8826185101580144
37.98342541436464 3.860045146726863
40.331491712707184 3.8148984198645612
42.40331491712707 3.7697516930022577
44.889502762430936 3.7246049661399567
46.8232044198895 3.7020316027088045
50.552486187845304 3.6343115124153504
53.45303867403315 3.5891647855530486
56.21546961325966 3.544018058690745
58.14917127071823 3.5214446952595946
60.911602209944746 3.476297968397292
63.674033149171265 3.43115124153499
65.60773480662984 3.4085778781038387
68.50828729281767 3.363431151241536
71.2707182320442 3.3182844243792324
73.20441988950276 3.295711060948082
75.96685082872928 3.227990970654628
77.90055248618785 3.2054176072234775
79.69613259668509 3.160270880361174
82.59668508287292 3.115124153498872
84.39226519337015 3.0925507900677216
86.32596685082872 3.047404063205419
87.70718232044199 3.0022573363431153
90.05524861878452 2.934537246049663
92.81767955801104 2.8442437923250568
93.71546961325966 2.8103837471783306
94.68232044198894 2.765237020316027
95.58011049723756 2.720090293453726
96.40883977900552 2.663656884875847
97.30662983425414 2.595936794582393
98.06629834254143 2.5282167042889396
98.82596685082872 2.4266365688487594
99.37845303867402 2.302483069977428
99.72375690607734 2.155756207674944
99.86187845303866 1.9977426636568865
100.0000000000000 1.8400000000000000
